+--------------------------------------------------------------------------------------------------------------------------------------------------------------------------------------------------------------------------------------------------------------------------+
; Legal Partition Candidates                                                                                                                                                                                                                                               ;
+---------------------------------------------------------------------+-------+----------------+--------------+----------------+--------+-----------------+---------------+-----------------+-------+----------------+--------------+------------------+-------------------+
; Hierarchy                                                           ; Input ; Constant Input ; Unused Input ; Floating Input ; Output ; Constant Output ; Unused Output ; Floating Output ; Bidir ; Constant Bidir ; Unused Bidir ; Input only Bidir ; Output only Bidir ;
+---------------------------------------------------------------------+-------+----------------+--------------+----------------+--------+-----------------+---------------+-----------------+-------+----------------+--------------+------------------+-------------------+
; rv32i_pipeline_inst0|csr                                            ; 224   ; 0              ; 32           ; 0              ; 167    ; 0               ; 0             ; 0               ; 0     ; 0              ; 0            ; 0                ; 0                 ;
; rv32i_pipeline_inst0|md                                             ; 73    ; 0              ; 0            ; 0              ; 34     ; 0               ; 0             ; 0               ; 0     ; 0              ; 0            ; 0                ; 0                 ;
; rv32i_pipeline_inst0|ALU_inst0                                      ; 68    ; 0              ; 0            ; 0              ; 32     ; 0               ; 0             ; 0               ; 0     ; 0              ; 0            ; 0                ; 0                 ;
; rv32i_pipeline_inst0|src_b_mux                                      ; 66    ; 0              ; 0            ; 0              ; 32     ; 0               ; 0             ; 0               ; 0     ; 0              ; 0            ; 0                ; 0                 ;
; rv32i_pipeline_inst0|src_a_mux                                      ; 66    ; 0              ; 0            ; 0              ; 32     ; 0               ; 0             ; 0               ; 0     ; 0              ; 0            ; 0                ; 0                 ;
; rv32i_pipeline_inst0|imm_gen                                        ; 34    ; 0              ; 7            ; 0              ; 32     ; 0               ; 0             ; 0               ; 0     ; 0              ; 0            ; 0                ; 0                 ;
; rv32i_pipeline_inst0|regfile_inst0                                  ; 49    ; 0              ; 0            ; 0              ; 64     ; 0               ; 0             ; 0               ; 0     ; 0              ; 0            ; 0                ; 0                 ;
; rv32i_pipeline_inst0|PCmux                                          ; 195   ; 0              ; 7            ; 0              ; 32     ; 0               ; 0             ; 0               ; 0     ; 0              ; 0            ; 0                ; 0                 ;
; rv32i_pipeline_inst0|ctrl|rv32i_MD_ctrl_inst0                       ; 4     ; 0              ; 0            ; 0              ; 7      ; 0               ; 0             ; 0               ; 0     ; 0              ; 0            ; 0                ; 0                 ;
; rv32i_pipeline_inst0|ctrl|rv32i_aopc_deco_inst0|rv32i_opcde_inst0   ; 17    ; 0              ; 6            ; 0              ; 4      ; 0               ; 0             ; 0               ; 0     ; 0              ; 0            ; 0                ; 0                 ;
; rv32i_pipeline_inst0|ctrl|rv32i_aopc_deco_inst0                     ; 35    ; 0              ; 0            ; 0              ; 31     ; 0               ; 0             ; 0               ; 0     ; 0              ; 0            ; 0                ; 0                 ;
; rv32i_pipeline_inst0|ctrl                                           ; 46    ; 1              ; 0            ; 1              ; 53     ; 1               ; 1             ; 1               ; 0     ; 0              ; 0            ; 0                ; 0                 ;
; rv32i_pipeline_inst0                                                ; 174   ; 106            ; 0            ; 106            ; 167    ; 106             ; 106           ; 106             ; 0     ; 0              ; 0            ; 0                ; 0                 ;
; rv32i_cken_inst0|altclkctrl_0|rv32i_cken_altclkctrl_0_sub_component ; 5     ; 3              ; 0            ; 3              ; 1      ; 3               ; 3             ; 3               ; 0     ; 0              ; 0            ; 0                ; 0                 ;
; rv32i_cken_inst0|altclkctrl_0                                       ; 2     ; 0              ; 0            ; 0              ; 1      ; 0               ; 0             ; 0               ; 0     ; 0              ; 0            ; 0                ; 0                 ;
; rv32i_cken_inst0                                                    ; 2     ; 0              ; 0            ; 0              ; 1      ; 0               ; 0             ; 0               ; 0     ; 0              ; 0            ; 0                ; 0                 ;
; rv32i_dcache_inst0|altsyncram_component|auto_generated              ; 55    ; 0              ; 0            ; 0              ; 32     ; 0               ; 0             ; 0               ; 0     ; 0              ; 0            ; 0                ; 0                 ;
; rv32i_dcache_inst0                                                  ; 55    ; 0              ; 0            ; 0              ; 32     ; 0               ; 0             ; 0               ; 0     ; 0              ; 0            ; 0                ; 0                 ;
; rv32i_icache_inst0|altsyncram_component|auto_generated              ; 53    ; 0              ; 0            ; 0              ; 32     ; 0               ; 0             ; 0               ; 0     ; 0              ; 0            ; 0                ; 0                 ;
; rv32i_icache_inst0                                                  ; 53    ; 0              ; 0            ; 0              ; 32     ; 0               ; 0             ; 0               ; 0     ; 0              ; 0            ; 0                ; 0                 ;
; rv32i_udp_inst0|rv32i_iprecieve_inst0                               ; 8     ; 315            ; 1            ; 315            ; 503    ; 315             ; 315           ; 315             ; 0     ; 0              ; 0            ; 0                ; 0                 ;
; rv32i_udp_inst0|rv32i_crc_inst0                                     ; 7     ; 0              ; 0            ; 0              ; 64     ; 0               ; 0             ; 0               ; 0     ; 0              ; 0            ; 0                ; 0                 ;
; rv32i_udp_inst0|rv32i_ipsend_inst0                                  ; 103   ; 1              ; 4            ; 1              ; 12     ; 1               ; 1             ; 1               ; 0     ; 0              ; 0            ; 0                ; 0                 ;
; rv32i_udp_inst0                                                     ; 40    ; 1              ; 0            ; 1              ; 89     ; 1               ; 1             ; 1               ; 0     ; 0              ; 0            ; 0                ; 0                 ;
; sys_pll_inst0|altpll_component|auto_generated                       ; 3     ; 0              ; 0            ; 0              ; 6      ; 0               ; 0             ; 0               ; 0     ; 0              ; 0            ; 0                ; 0                 ;
; sys_pll_inst0                                                       ; 2     ; 0              ; 0            ; 0              ; 2      ; 0               ; 0             ; 0               ; 0     ; 0              ; 0            ; 0                ; 0                 ;
+---------------------------------------------------------------------+-------+----------------+--------------+----------------+--------+-----------------+---------------+-----------------+-------+----------------+--------------+------------------+-------------------+
